24.1341 -1.3902
24.5437 -1.3871
24.9492 -1.3841
25.3547 -1.3812
25.7602 -1.3782
26.1657 -1.3753
26.5712 -1.3723
26.9767 -1.3694
27.3821 -1.3664
27.7876 -1.3634
28.1931 -1.3605
28.5986 -1.3575
29.0041 -1.3546
29.4096 -1.3516
29.8151 -1.3487
30.2206 -1.3457
30.6261 -1.3428
31.0316 -1.3398
31.4371 -1.3369
31.8426 -1.3339
32.2481 -1.3310
32.6536 -1.3280
33.0591 -1.3251
33.4645 -1.3221
33.8700 -1.3192
34.2755 -1.3162
34.6810 -1.3133
35.0865 -1.3103
35.4920 -1.3074
35.8975 -1.3044
36.3030 -1.3015
36.7085 -1.2985
37.1140 -1.2956
37.5195 -1.2926
37.9250 -1.2897
38.3305 -1.2867
38.7360 -1.2838
39.1415 -1.2808
39.5469 -1.2779
39.9524 -1.2749
40.3579 -1.2720
40.7634 -1.2690
41.1689 -1.2661
41.5744 -1.2631
41.9799 -1.2602
42.3854 -1.2572
42.7909 -1.2543
43.1964 -1.2513
43.6019 -1.2484
44.0074 -1.2454
44.4129 -1.2425
44.8184 -1.2395
45.2238 -1.2366
45.6293 -1.2336
46.0348 -1.2307
46.4403 -1.2277
46.8458 -1.2248
47.2513 -1.2218
47.6568 -1.2188
48.0623 -1.2159
48.4678 -1.2129
48.8733 -1.2100
49.2788 -1.2070
49.6843 -1.2041
50.0898 -1.2011
50.4953 -1.1982
50.9008 -1.1952
51.3062 -1.1923
51.7117 -1.1893
52.1172 -1.1864
52.5227 -1.1834
52.9282 -1.1805
53.3337 -1.1775
53.7392 -1.1746
54.1447 -1.1716
54.5502 -1.1687
54.9557 -1.1657
55.3612 -1.1628
55.7667 -1.1598
56.1722 -1.1569
56.5777 -1.1539
56.9832 -1.1510
57.3886 -1.1480
57.7941 -1.1451
58.1996 -1.1421
58.6051 -1.1392
59.0106 -1.1362
59.4161 -1.1333
59.8216 -1.1303
60.2271 -1.1274
60.6326 -1.1244
61.0381 -1.1215
61.4436 -1.1185
61.8491 -1.1156
62.2546 -1.1126
62.6601 -1.1097
63.0656 -1.1067
63.4710 -1.1038
63.8765 -1.1008
64.2820 -1.0979
64.6875 -1.0949
65.0930 -1.0920
65.4985 -1.0890
65.9040 -1.0861
66.3095 -1.0831
66.7150 -1.0802
67.1205 -1.0772
67.5260 -1.0742
67.9315 -1.0713
68.3370 -1.0683
68.7425 -1.0654
69.1480 -1.0624
69.5534 -1.0595
69.9589 -1.0565
70.3644 -1.0536
70.7699 -1.0506
71.1754 -1.0477
71.5809 -1.0447
71.9864 -1.0418
72.3919 -1.0388
72.7974 -1.0359
73.2029 -1.0329
73.6084 -1.0300
74.0139 -1.0270
74.4194 -1.0241
74.8249 -1.0211
75.2304 -1.0182
75.6358 -1.0152
76.0413 -1.0123
76.4468 -1.0093
76.8523 -1.0064
77.2578 -1.0034
77.6633 -1.0005
78.0688 -0.9975
78.4743 -0.9946
78.8798 -0.9916
79.2853 -0.9887
79.6908 -0.9857
80.0963 -0.9828
80.5018 -0.9798
80.9073 -0.9769
81.3127 -0.9739
81.7182 -0.9710
82.1237 -0.9680
82.5292 -0.9651
82.9347 -0.9621
83.3402 -0.9592
83.7457 -0.9562
84.1512 -0.9533
84.5567 -0.9503
84.9622 -0.9474
85.3677 -0.9444
85.7732 -0.9415
86.1787 -0.9385
86.5842 -0.9356
86.9897 -0.9326
87.3951 -0.9296
87.8006 -0.9267
88.2061 -0.9237
88.6116 -0.9208
89.0171 -0.9178
89.4226 -0.9149
89.8281 -0.9119
90.2336 -0.9090
90.6391 -0.9060
91.0446 -0.9031
91.4501 -0.9001
91.8556 -0.8972
92.2611 -0.8942
92.6666 -0.8913
93.0721 -0.8883
93.4775 -0.8854
93.8830 -0.8824
94.2885 -0.8795
94.6940 -0.8765
95.0995 -0.8736
95.5050 -0.8706
95.9105 -0.8677
96.3160 -0.8647
96.7215 -0.8618
97.1270 -0.8588
97.5325 -0.8559
97.9380 -0.8529
98.3435 -0.8500
98.7490 -0.8470
99.1545 -0.8441
99.5599 -0.8411
99.9654 -0.8382
100.3709 -0.8352
100.7764 -0.8323
101.1819 -0.8293
101.5874 -0.8264
101.9929 -0.8234
102.3984 -0.8205
102.8039 -0.8175
103.2094 -0.8146
103.6149 -0.8116
104.0204 -0.8087
104.4259 -0.8057
104.8314 -0.8028
105.2369 -0.7998
105.6423 -0.7969
106.0478 -0.7939
106.4533 -0.7910
106.8588 -0.7880
107.2643 -0.7850
107.6698 -0.7821
108.0753 -0.7791
108.4808 -0.7762
108.8863 -0.7732
109.2918 -0.7703
109.6973 -0.7673
110.1028 -0.7644
110.5083 -0.7614
110.9138 -0.7585
111.3193 -0.7555
111.7247 -0.7526
112.1302 -0.7496
112.5357 -0.7467
112.9412 -0.7437
113.3467 -0.7408
113.7522 -0.7378
114.1577 -0.7349
114.5632 -0.7319
114.9687 -0.7290
115.3742 -0.7260
115.7797 -0.7231
116.1852 -0.7201
116.5907 -0.7172
116.9962 -0.7142
117.4016 -0.7113
117.8071 -0.7083
118.2126 -0.7054
118.6181 -0.7024
119.0236 -0.6995
119.4291 -0.6965
119.8346 -0.6936
120.2401 -0.6906
120.6456 -0.6877
121.0511 -0.6847
121.4566 -0.6818
121.8621 -0.6788
122.2676 -0.6759
122.6731 -0.6729
123.0786 -0.6700
123.4840 -0.6670
123.8895 -0.6641
124.2950 -0.6611
124.7005 -0.6582
125.1060 -0.6552
125.5115 -0.6523
125.9170 -0.6493
126.3225 -0.6464
126.7280 -0.6434
127.1335 -0.6404
127.5390 -0.6375
127.9445 -0.6345
128.3500 -0.6316
128.7555 -0.6286
129.1610 -0.6257
129.5664 -0.6227
129.9719 -0.6198
130.3774 -0.6168
130.7829 -0.6139
131.1884 -0.6109
131.5939 -0.6080
131.9994 -0.6050
132.4049 -0.6021
132.8104 -0.5991
133.2159 -0.5962
133.6214 -0.5932
134.0269 -0.5903
134.4324 -0.5873
134.8379 -0.5844
135.2434 -0.5814
135.6488 -0.5785
136.0543 -0.5755
136.4598 -0.5726
136.8653 -0.5696
137.2708 -0.5667
137.6763 -0.5637
138.0818 -0.5608
138.4873 -0.5578
138.8928 -0.5549
139.2983 -0.5519
139.7038 -0.5490
140.1093 -0.5460
140.5148 -0.5431
140.9203 -0.5401
141.3258 -0.5372
141.7312 -0.5342
142.1367 -0.5313
142.5422 -0.5283
142.9477 -0.5254
143.3532 -0.5224
143.7587 -0.5195
144.1642 -0.5165
144.5697 -0.5136
144.9752 -0.5106
145.3807 -0.5077
145.7862 -0.5047
146.1917 -0.5018
146.5972 -0.4988
147.0027 -0.4958
147.4082 -0.4929
147.8136 -0.4899
148.2191 -0.4870
148.6246 -0.4840
149.0301 -0.4811
149.4356 -0.4781
149.8411 -0.4752
150.2466 -0.4722
150.6521 -0.4693
151.0576 -0.4663
151.4631 -0.4634
151.8686 -0.4604
152.2741 -0.4575
152.6796 -0.4545
153.0851 -0.4516
153.4905 -0.4486
153.8960 -0.4457
154.3015 -0.4427
154.7070 -0.4398
155.1125 -0.4368
155.5180 -0.4339
155.9235 -0.4309
156.3290 -0.4280
156.7345 -0.4250
157.1400 -0.4221
157.5455 -0.4191
157.9510 -0.4162
158.3565 -0.4132
158.7620 -0.4103
159.1675 -0.4073
159.5729 -0.4044
159.9784 -0.4014
160.3839 -0.3985
160.7894 -0.3955
161.1949 -0.3926
161.6004 -0.3896
162.0059 -0.3867
162.4114 -0.3837
162.8169 -0.3808
163.2224 -0.3778
163.6279 -0.3749
164.0334 -0.3719
164.4389 -0.3690
164.8444 -0.3660
165.2499 -0.3631
165.6553 -0.3601
166.0608 -0.3572
166.4663 -0.3542
166.8718 -0.3513
167.2773 -0.3483
167.6828 -0.3453
168.0883 -0.3424
168.4938 -0.3394
168.8993 -0.3365
169.3048 -0.3335
169.7103 -0.3306
170.1158 -0.3276
170.5213 -0.3247
170.9268 -0.3217
171.3323 -0.3188
171.7377 -0.3158
172.1432 -0.3129
172.5487 -0.3099
172.9542 -0.3070
173.3597 -0.3040
173.7652 -0.3011
174.1707 -0.2981
174.5762 -0.2952
174.9817 -0.2922
175.3872 -0.2893
175.7927 -0.2863
176.1982 -0.2834
176.6037 -0.2804
177.0092 -0.2775
177.4147 -0.2745
177.8201 -0.2716
178.2256 -0.2686
178.6311 -0.2657
179.0366 -0.2627
179.4421 -0.2598
179.8476 -0.2568
180.2531 -0.2539
180.6586 -0.2509
181.0641 -0.2480
181.4696 -0.2450
181.8751 -0.2421
182.2806 -0.2391
182.6861 -0.2362
183.0916 -0.2332
183.4971 -0.2303
183.9025 -0.2273
184.3080 -0.2244
184.7135 -0.2214
185.1190 -0.2185
185.5245 -0.2155
185.9300 -0.2126
186.3355 -0.2096
186.7410 -0.2067
187.1465 -0.2037
187.5520 -0.2007
187.9575 -0.1978
188.3630 -0.1948
188.7685 -0.1919
189.1740 -0.1889
189.5795 -0.1860
189.9849 -0.1830
190.3904 -0.1801
190.7959 -0.1771
191.2014 -0.1742
191.6069 -0.1712
192.0124 -0.1683
192.4179 -0.1653
192.8234 -0.1624
193.2289 -0.1594
193.6344 -0.1565
194.0399 -0.1535
194.4454 -0.1506
194.8509 -0.1476
195.2564 -0.1447
195.6618 -0.1417
196.0673 -0.1388
196.4728 -0.1358
196.8783 -0.1329
197.2838 -0.1299
197.6893 -0.1270
198.0948 -0.1240
198.5003 -0.1211
198.9058 -0.1181
199.3113 -0.1152
199.7168 -0.1122
200.1223 -0.1093
200.5278 -0.1063
200.9333 -0.1034
201.3388 -0.1004
201.7442 -0.0975
202.1497 -0.0945
202.5466 -0.0200
202.8606 0.2282
203.0495 0.5884
203.1065 0.9897
202.9480 1.3584
202.6402 1.6219
202.2563 1.7499
201.8511 1.7657
201.4456 1.7666
201.0400 1.7675
200.6345 1.7683
200.2290 1.7692
199.8235 1.7701
199.4180 1.7710
199.0125 1.7719
198.6070 1.7727
198.2015 1.7736
197.7960 1.7745
197.3905 1.7754
196.9850 1.7763
196.5795 1.7771
196.1740 1.7780
195.7685 1.7789
195.3630 1.7798
194.9575 1.7807
194.5520 1.7815
194.1465 1.7824
193.7410 1.7833
193.3355 1.7842
192.9300 1.7851
192.5245 1.7859
192.1190 1.7868
191.7135 1.7877
191.3080 1.7886
190.9025 1.7895
190.4970 1.7903
190.0915 1.7912
189.6860 1.7921
189.2805 1.7930
188.8750 1.7939
188.4695 1.7947
188.0640 1.7956
187.6584 1.7965
187.2529 1.7974
186.8474 1.7983
186.4419 1.7991
186.0364 1.8000
185.6309 1.8009
185.2254 1.8018
184.8199 1.8027
184.4144 1.8035
184.0089 1.8044
183.6034 1.8053
183.1979 1.8062
182.7924 1.8071
182.3869 1.8079
181.9814 1.8088
181.5759 1.8097
181.1704 1.8106
180.7649 1.8115
180.3594 1.8123
179.9539 1.8132
179.5484 1.8141
179.1429 1.8150
178.7374 1.8159
178.3319 1.8167
177.9264 1.8176
177.5209 1.8185
177.1154 1.8194
176.7099 1.8203
176.3044 1.8211
175.8989 1.8220
175.4934 1.8229
175.0879 1.8238
174.6824 1.8247
174.2768 1.8255
173.8713 1.8264
173.4658 1.8273
173.0603 1.8282
172.6548 1.8291
172.2493 1.8299
171.8438 1.8308
171.4383 1.8317
171.0328 1.8326
170.6273 1.8334
170.2218 1.8343
169.8163 1.8352
169.4108 1.8361
169.0053 1.8370
168.5998 1.8378
168.1943 1.8387
167.7888 1.8396
167.3833 1.8405
166.9778 1.8414
166.5723 1.8422
166.1668 1.8431
165.7613 1.8440
165.3558 1.8449
164.9503 1.8458
164.5448 1.8466
164.1393 1.8475
163.7338 1.8484
163.3283 1.8493
162.9228 1.8502
162.5173 1.8510
162.1118 1.8519
161.7063 1.8528
161.3008 1.8537
160.8952 1.8546
160.4897 1.8554
160.0842 1.8563
159.6787 1.8572
159.2732 1.8581
158.8677 1.8590
158.4622 1.8598
158.0567 1.8607
157.6512 1.8616
157.2457 1.8625
156.8402 1.8634
156.4347 1.8642
156.0292 1.8651
155.6237 1.8660
155.2182 1.8669
154.8127 1.8678
154.4072 1.8686
154.0017 1.8695
153.5962 1.8704
153.1907 1.8713
152.7852 1.8722
152.3797 1.8730
151.9742 1.8739
151.5687 1.8748
151.1632 1.8757
150.7577 1.8766
150.3522 1.8774
149.9467 1.8783
149.5412 1.8792
149.1357 1.8801
148.7302 1.8810
148.3247 1.8818
147.9192 1.8827
147.5136 1.8836
147.1081 1.8845
146.7026 1.8854
146.2971 1.8862
145.8916 1.8871
145.4861 1.8880
145.0806 1.8889
144.6751 1.8898
144.2696 1.8906
143.8641 1.8915
143.4586 1.8924
143.0531 1.8933
142.6476 1.8942
142.2421 1.8950
141.8366 1.8959
141.4311 1.8968
141.0256 1.8977
140.6201 1.8986
140.2146 1.8994
139.8091 1.9003
139.4036 1.9012
138.9981 1.9021
138.5926 1.9030
138.1871 1.9038
137.7816 1.9047
137.3761 1.9056
136.9706 1.9065
136.5651 1.9074
136.1596 1.9082
135.7541 1.9091
135.3486 1.9100
134.9431 1.9109
134.5376 1.9118
134.1320 1.9126
133.7265 1.9135
133.3210 1.9144
132.9155 1.9153
132.5100 1.9162
132.1045 1.9170
131.6990 1.9179
131.2935 1.9188
130.8880 1.9197
130.4825 1.9206
130.0770 1.9214
129.6715 1.9223
129.2660 1.9232
128.8605 1.9241
128.4550 1.9250
128.0495 1.9258
127.6440 1.9267
127.2385 1.9276
126.8330 1.9285
126.4275 1.9294
126.0220 1.9302
125.6165 1.9311
125.2110 1.9320
124.8055 1.9329
124.4000 1.9338
123.9945 1.9346
123.5890 1.9355
123.1835 1.9364
122.7780 1.9373
122.3725 1.9382
121.9670 1.9390
121.5615 1.9399
121.1559 1.9408
120.7504 1.9417
120.3449 1.9425
119.9394 1.9434
119.5339 1.9443
119.1284 1.9452
118.7229 1.9461
118.3174 1.9469
117.9119 1.9478
117.5064 1.9487
117.1009 1.9496
116.6954 1.9505
116.2899 1.9513
115.8844 1.9522
115.4789 1.9531
115.0734 1.9540
114.6679 1.9549
114.2624 1.9557
113.8569 1.9566
113.4514 1.9575
113.0459 1.9584
112.6404 1.9593
112.2349 1.9601
111.8294 1.9610
111.4239 1.9619
111.0184 1.9628
110.6129 1.9637
110.2074 1.9645
109.8019 1.9654
109.3964 1.9663
108.9909 1.9672
108.5854 1.9681
108.1799 1.9689
107.7743 1.9698
107.3688 1.9707
106.9633 1.9716
106.5578 1.9725
106.1523 1.9733
105.7468 1.9742
105.3413 1.9751
104.9358 1.9760
104.5303 1.9769
104.1248 1.9777
103.7193 1.9786
103.3138 1.9795
102.9083 1.9804
102.5028 1.9813
102.0973 1.9821
101.6918 1.9830
101.2863 1.9839
100.8808 1.9848
100.4753 1.9857
100.0698 1.9865
99.6643 1.9874
99.2588 1.9883
98.8533 1.9892
98.4478 1.9901
98.0423 1.9909
97.6368 1.9918
97.2313 1.9927
96.8258 1.9936
96.4203 1.9945
96.0148 1.9953
95.6093 1.9962
95.2038 1.9971
94.7983 1.9980
94.3927 1.9989
93.9872 1.9997
93.5817 2.0006
93.1762 2.0015
92.7707 2.0024
92.3652 2.0033
91.9597 2.0041
91.5542 2.0050
91.1487 2.0059
90.7432 2.0068
90.3377 2.0077
89.9322 2.0085
89.5267 2.0094
89.1212 2.0103
88.7157 2.0112
88.3102 2.0121
87.9047 2.0129
87.4992 2.0138
87.0937 2.0147
86.6882 2.0156
86.2827 2.0165
85.8772 2.0173
85.4717 2.0182
85.0662 2.0191
84.6607 2.0200
84.2552 2.0209
83.8497 2.0217
83.4442 2.0226
83.0387 2.0235
82.6332 2.0244
82.2277 2.0253
81.8222 2.0261
81.4167 2.0270
81.0111 2.0279
80.6056 2.0288
80.2001 2.0297
79.7946 2.0305
79.3891 2.0314
78.9836 2.0323
78.5781 2.0332
78.1726 2.0341
77.7671 2.0349
77.3616 2.0358
76.9561 2.0367
76.5506 2.0376
76.1451 2.0385
75.7396 2.0393
75.3341 2.0402
74.9286 2.0411
74.5231 2.0420
74.1176 2.0429
73.7121 2.0437
73.3066 2.0446
72.9011 2.0455
72.4956 2.0464
72.0901 2.0473
71.6846 2.0481
71.2791 2.0490
70.8736 2.0499
70.4681 2.0508
70.0626 2.0517
69.6571 2.0525
69.2516 2.0534
68.8461 2.0543
68.4406 2.0552
68.0351 2.0560
67.6295 2.0569
67.2240 2.0578
66.8185 2.0587
66.4130 2.0596
66.0075 2.0604
65.6020 2.0613
65.1965 2.0622
64.7910 2.0631
64.3855 2.0640
63.9800 2.0648
63.5745 2.0657
63.1690 2.0666
62.7635 2.0675
62.3580 2.0684
61.9525 2.0692
61.5470 2.0701
61.1415 2.0710
60.7360 2.0719
60.3305 2.0728
59.9250 2.0736
59.5195 2.0745
59.1140 2.0754
58.7085 2.0763
58.3030 2.0772
57.8975 2.0780
57.4920 2.0789
57.0865 2.0798
56.6810 2.0807
56.2755 2.0816
55.8700 2.0824
55.4645 2.0833
55.0590 2.0842
54.6535 2.0851
54.2479 2.0860
53.8424 2.0868
53.4369 2.0877
53.0314 2.0886
52.6259 2.0895
52.2204 2.0904
51.8149 2.0912
51.4094 2.0921
51.0039 2.0930
50.5984 2.0939
50.1929 2.0948
49.7874 2.0956
49.3819 2.0965
48.9764 2.0974
48.5709 2.0983
48.1654 2.0992
47.7599 2.1000
47.3544 2.1009
46.9489 2.1018
46.5434 2.1027
46.1379 2.1036
45.7324 2.1044
45.3269 2.1053
44.9214 2.1062
44.5159 2.1071
44.1104 2.1080
43.7049 2.1088
43.2994 2.1097
42.8939 2.1106
42.4884 2.1115
42.0829 2.1124
41.6774 2.1132
41.2718 2.1141
40.8663 2.1150
40.4608 2.1159
40.0553 2.1168
39.6498 2.1176
39.2443 2.1185
38.8388 2.1194
38.4333 2.1203
38.0278 2.1212
37.6223 2.1220
37.2168 2.1229
36.8113 2.1238
36.4058 2.1247
36.0003 2.1256
35.5948 2.1264
35.1893 2.1273
34.7838 2.1282
34.3783 2.1291
33.9728 2.1300
33.5673 2.1308
33.1618 2.1317
32.7563 2.1326
32.3508 2.1335
31.9453 2.1344
31.5398 2.1352
31.1343 2.1361
30.7288 2.1370
30.3233 2.1379
29.9178 2.1388
29.5123 2.1396
29.1068 2.1405
28.7013 2.1414
28.2958 2.1423
27.8902 2.1432
27.4847 2.1440
27.0792 2.1449
26.6737 2.1458
26.2682 2.1467
25.8627 2.1476
25.4572 2.1484
25.0517 2.1493
24.6462 2.1502
24.2407 2.1511
